0000 00  00000000 00 00000000 00000000
1000 00  01000010 00 --still- 00000000comp joystick, still- 
0001 00  00000000 01 01000010 00000000 move joystick, var_dir
0000 00  00000000 00 00000000 00000000
1010 00  00000001 00 00000000 00000000 brof (z, L1)
1000 00  00000000 00 ---up--- 00000000 comp var_dir, -up-
0000 00  00000000 00 00000000 00000000
1010 00  00100010 00 00000000 00000000 brof (z, L2)
1000 00  00000000 00 --right- 00000000 comp var_dir, -right-
0000 00  00000000 00 00000000 00000000
1010 00  01000010 00 00000000 00000000 brof(z, L3)
1000 00  00000000 00 --down-- 00000000 comp var_dir, -down-
0000 00  00000000 00 00000000 00000000 	
1010 00  01101011 00 00000000 00000000 brach on flag (z, L4)
1011 00  10001111 00 00000000 00000000 bru(L5)
0001 00  00000000 00 --wait-- 00000001 move -wait time- to var_count					
0000 00  00000000 00 00000000 00000000	
0000 00  00000000 00 00000000 00000000	
0100 00  00000001 00 00000001 00000001 var_count -= 1						
0000 00  00000000 00 00000000 00000000	
1010 00  00010111 00 00000000 00000000 brof (z, L8)
0000 00  00000000 00 00000000 00000000	
1010 00  00010010 00 00000000 00000000 Branch unconditionally to L7
1000 00  00000000 00 ---up--- 00000000 comp var_dir, -up-						
0000 00  00000000 00 00000000 00000000 	
1010 00  00111101 00 00000000 00000000 brof (z, L2.2)
1000 00  00000000 00 --right- 00000000 comp var_dir, -right-
0000 00  00000000 00 00000000 00000000	
1010 00  01011110 00 00000000 00000000 brof(z, L3.2)
1000 00  00000000 00 --down-- 00000000 comp var_dir, -down- 
0000 00  00000000 00 00000000 00000000	
1010 00  10000111 00 00000000 00000000 brach on flag (z, L4.2)
0000 00  00000000 00 00000000 00000000	
1011 00  10101011 00 00000000 00000000 bru(L5.2)
0111 00  00000000 01 01000000 00000011 tA (PCRaddr) to var_tile	
0000 00  00000000 00 00000000 00000000	
0000 00  00000000 00 00000000 00000000	
1000 00  00000011 00 00000011 00000000 comp var_tile, 3 		
0000 00  00000000 00 00000000 00000000	
1010 00  10110010 00 00000000 00000000 brof (z, L9 )
1000 00  00000011 00 00000010 00000000 comp var_tile, 2 		
0000 00  00000000 00 00000000 00000000	
1010 00  00000001 00 00000000 00000000brof (z, L1)
1000 00  01000000 00 00010000 00000000 comp PCR, x"10"
0000 00  00000000 00 00000000 00000000	
1010 00  00000001 01 00000000 00000000 brof (n, L1)		
0000 00  00000000 00 00000000 00000000	
0100 00  01000000 00 00010000 00000010 PCR - 16 store int var_temp 
0000 00  00000000 00 00000000 00000000	
0000 00  00000000 00 00000000 00000000	
0111 00  00000000 01 00000010 00000011 tA(var_temp) to var_tile
0000 00  00000000 00 00000000 00000000	
0000 00  00000000 00 00000000 00000000	
1000 00  00000011 00 00000001 00000000 comp var_tile, 1		
0000 00  00000000 00 00000000 00000000	
1010 00  00000001 00 00000000 00000000 brof (z, L1)
0000 00  00000000 00 00000000 00000000	
0100 00  01000000 00 00010000 01000000 PCR -= 16
0001 00  00000000 00 11100000 01000001 PCD = x"E0"
1011 00  00001111 00 00000000 00000000 bru L6
0000 00  00000000 00 00000000 00000000	
0100 00  01000001 00 00010000 01000001 pcd -= 16				
0000 00  00000000 00 00000000 00000000	
1010 00  00100010 00 00000000 00000000 brof (z, L2)
0000 00  00000000 00 00000000 00000000	
1011 00  00001111 00 00000000 00000000 bru L6
0111 00  00000000 01 01000001 00000011 tA (PCRaddr) to var_tile		
0000 00  00000000 00 00000000 00000000	
0000 00  00000000 00 00000000 00000000	
1000 00  00000011 00 00000011 00000000 comp var_tile, 3 		
0000 00  00000000 00 00000000 00000000	
1010 00  10110010 00 00000000 00000000 brof (z, L9) 
1000 00  00000011 00 00000010 00000000 comp var_tile, 2 		
0000 00  00000000 00 00000000 00000000	
1010 00  00000001 00 00000000 00000000 brof (z, L1)
0110 00  01000000 00 00000000 00000010 shift pcr left by 4, move to var_temp 
0000 00  00000000 00 00000000 00000000	
0000 00  00000000 00 00000000 00000000	
1000 00  00000010 00 11110000 00000000 comp var_temp, x"F0"
0000 00  00000000 00 00000000 00000000	
1010 00  00000001 00 00000000 00000000 brof (z, L1)		
0000 00  00000000 00 00000000 00000000	
0011 00  01000000 00 00000001 00000010 PCR + 1 store int var_temp 
0000 00  00000000 00 00000000 00000000	
0000 00  00000000 00 00000000 00000000	
0111 00  00000000 01 00000010 00000011 tA(var_temp) to var_tile
0000 00  00000000 00 00000000 00000000	
0000 00  00000000 00 00000000 00000000	
1000 00  00000011 00 00000001 00000000 comp var_tile, 1		
0000 00  00000000 00 00000000 00000000	
1010 00  00000001 00 00000000 00000000 brof (z, L1)
0000 00  00000000 00 00000000 00000000	
0001 00  00000000 00 00000001 01000001 PCD = 1
1011 00  00001111 00 00000000 00000000 bru L6
1000 00  01000001 00 00010000 00000000 comp pcd, 16 					
0000 00  00000000 00 00000000 00000000	
1010 00  01000010 00 00000000 00000000 brof z, L3
1000 00  01000001 00 00001111 00000000 comp pcd, 15
0000 00  00000000 00 00000000 00000000	
1010 00  01101000 00 00000000 00000000 brof z, L3.3
0000 00  00000000 00 00000000 00000000	
0011 00  01000001 00 00000001 01000001 pcd += 1
1011 00  00001111 00 00000000 00000000 bru L6
0000 00  00000000 00 00000000 00000000	
0001 00  00000000 00 00000000 01000001 move 0 to pcd					
0011 00  01000000 00 00000001 01000000 PCR += 1
1011 00  00001111 00 00000000 00000000 bru L6
0111 00  00000000 01 01000001 00000011 tA (PCRaddr) to var_tile		
0000 00  00000000 00 00000000 00000000	
0000 00  00000000 00 00000000 00000000	
1000 00  00000011 00 00000011 00000000 comp var_tile, 3 		
0000 00  00000000 00 00000000 00000000	
1010 00  10110010 00 00000000 00000000 brof (z, L9) 
1000 00  00000011 00 00000010 00000000 comp var_tile, 2 		
0000 00  00000000 00 00000000 00000000	
1010 00  00000001 00 00000000 00000000 brof (z, L1)
0001 00  00000000 00 11101111 00000010 move x"ef" to var_temp
0000 00  00000000 00 00000000 00000000	
0000 00  00000000 00 00000000 00000000	
1000 00  00000010 01 01000000 00000000 comp var_temp, PCR
0000 00  00000000 00 00000000 00000000	
1010 00  00000001 01 00000000 00000000 brof (n, L1)		
0011 00  01000000 00 00010000 00000010 PCR + 16 store int var_temp 
0000 00  00000000 00 00000000 00000000	
0000 00  00000000 00 00000000 00000000	
0111 00  00000000 01 00000010 00000011 tA(temp) to var_tile
0000 00  00000000 00 00000000 00000000	
0000 00  00000000 00 00000000 00000000	
1000 00  00000011 00 00000001 00000000 comp var_tile, 1		
0000 00  00000000 00 00000000 00000000	
1010 00  00000001 00 00000000 00000000 brof (z, L1)
0000 00  00000000 00 00000000 00000000	
0001 00  00000000 00 00010000 01000001 PCD = x"10"					
1011 00  00001111 00 00000000 00000000 bru L6
0000 00  00000000 00 00000000 00000000	
0011 00  01000001 00 00010000 01000001 pcd += 16					
0000 00  00000000 00 00000000 00000000	
1010 00  10001101 01 00000000 00000000 brof (n, L4.3)
0000 00  00000000 00 00000000 00000000	
1011 00  00001111 00 00000000 00000000 bru L6
0000 00  00000000 00 00000000 00000000
0011 00  01000000 00 00010000 01000000 PCR += 16					
1011 00  01101011 00 00000000 00000000 bru L4
0111 00  00000000 01 01000001 00000011 tA (PCRaddr) to var_tile		
0000 00  00000000 00 00000000 00000000	
0000 00  00000000 00 00000000 00000000	
1000 00  00000011 00 00000011 00000000 comp var_tile, 3 		
0000 00  00000000 00 00000000 00000000	
1010 00  10110010 00 00000000 00000000 brof (z, L9)
1000 00  00000011 00 00000010 00000000 comp var_tile, 2 		
0000 00  00000000 00 00000000 00000000	
1010 00  00000001 00 00000000 00000000 brof (z, L1)
0110 00  01000000 00 00000000 00000010 Shift PCR left by 4, store in var_temp
0000 00  00000000 00 00000000 00000000	
0000 00  00000000 00 00000000 00000000	
1000 00  00000010 00 00000000 00000000 comp var_temp, 0
0000 00  00000000 00 00000000 00000000	
1010 00  00000001 00 00000000 00000000 brof (z, L1) 		
0100 00  01000000 00 00000001 00000010 PCR - 1 store int var_temp 
0000 00  00000000 00 00000000 00000000	
0000 00  00000000 00 00000000 00000000	
0111 00  00000000 01 00000010 00000011 tA(temp) to var_tile
0000 00  00000000 00 00000000 00000000	
0000 00  00000000 00 00000000 00000000	
1000 00  00000011 00 00000001 00000000 comp var_tile, 1		
0000 00  00000000 00 00000000 00000000
1010 00  00000001 00 00000000 00000000 brof (z, L1)
0000 00  00000000 00 00000000 00000000	
0100 00  01000000 00 00000001 01000000 PCR -= 1
0001 00  00000000 00 00001111 01000001 PCD = 0F
1011 00  00001111 00 00000000 00000000 bru L6
1000 00  01000001 00 00000000 00000000 comp PCD, 0					
0000 00  00000000 00 00000000 00000000	
1010 00  10001111 00 00000000 00000000 brof (z, L5)
0000 00  00000000 00 00000000 00000000	
0100 00  01000001 00 00000001 01000001 PCD -= 1;
1011 00  00001111 00 00000000 00000000 bru L6
0000 00  00000000 00 00000000 00000000	
0001 00  00000000 00 ---psp-- 01000000 move -player start position- to PCR		
1011 00  00000001 00 00000000 00000000 bru to L1	 00 	
